0.0 0.0 0.0
1.0 0.0 0.0
2.0 0.0 0.0
3.0 0.0 0.0
4.0 0.0 0.0
5.0 0.0 0.0
5.95885107721 -0.244834876219 5.78318530718
6.78366617911 -0.80530709376 5.83665440344
7.75423179462 -0.998547593835 0.0534690962638
8.69862768479 -0.702818143986 0.553469096264
9.38563279875 0.00947637253959 1.05346909626
9.64704432446 0.963941415956 1.55346909626
9.41885960338 1.9268906555 2.05346909626
8.75694621346 2.66256053331 2.55346909626
7.82336363757 2.99083340591 3.05346909626
6.84668545014 2.83133662516 3.55346909626
6.01861614212 2.27694777853 3.67412357673
5.06823567732 2.00105563109 3.17412357673
5.0 2.0 3.14
4.00000000135 2.00000152387 3.1415936695
3.00000000135 2.00000050796 3.1415936695
2.00000000135 1.99999949204 3.1415936695
1.00000000135 1.99999847613 3.1415936695
2.6957982513e-09 2.0 3.14000000135
