100.0 0.0 0.0
101.0 0.0 0.0
102.0 0.0 0.0
103.0 0.0 0.0
104.0 0.0 0.0
105.0 0.0 0.0
106.0 0.0 0.0
107.0 0.0 0.0
108.0 0.0 0.0
109.0 0.0 0.0
110.0 0.0 0.0
110.958851077 -0.244834876219 5.78318530718
111.783666179 -0.80530709376 5.83665440344
112.754231795 -0.998547593835 0.0534690962638
113.698627685 -0.702818143986 0.553469096264
114.385632799 0.00947637253959 1.05346909626
114.647044324 0.963941415956 1.55346909626
114.418859603 1.9268906555 2.05346909626
113.756946213 2.66256053331 2.55346909626
112.823363638 2.99083340591 3.05346909626
111.84668545 2.83133662516 3.55346909626
111.018616142 2.27694777853 3.67412357673
110.068235677 2.00105563109 3.17412357673
110.0 2.0 3.14
109.000000001 2.00000203053 3.14159316122
108.000000001 2.0000015229 3.14159316122
107.000000001 2.00000101526 3.14159316122
106.000000001 2.00000050763 3.14159316122
105.000000001 2.0 3.14159316122
104.000000001 1.99999949237 3.14159316122
103.000000001 1.99999898474 3.14159316122
102.000000001 1.9999984771 3.14159316122
101.000000001 1.99999796947 3.14159316122
100.000000003 2.0 3.14000000135
